2125
5745
727
4692
5279
1209
4762
1879
7272
2599
8074
5464
2278
7460
862
9328
7960
5171
9202
4635
83
8358
2235
9426
6385
3018
4768
6960
9368
4676
7928
7777
3646
8493
9545
2992
7672
7255
790
7099
9624
6656
6796
729
4455
9681
7228
177
4130
2495
8364
6324
2259
9214
6827
4477
3144
2694
634
241
6134
6406
8450
3340
2907
6208
5083
5808
582
4465
7025
3032
537
2847
8653
788
6477
4043
4695
4581
764
7747
8189
6068
3436
7297
4945
2031
6732
7115
8448
6323
6355
6812
3886
4758
5277
6181
4147
5842
9754
6667
3139
9638
8325
7661
5824
945
667
7140
5544
6802
6881
2586
2400
1247
8360
8053
7057
7498
6494
1161
5975
6224
3189
9459
3110
9374
3895
7850
3947
6463
8696
9765
9399
9481
4247
1263
5609
4420
1353
3773
2654
9114
1983
1466
710
2952
1717
8996
8149
2944
9061
4417
3804
86
808
2872
1670
1558
7335
5682
1920
1306
7417
4854
5997
6563
6835
3446
7136
1762
8378
7390
3018
1528
8292
4736
5079
486
3279
9606
852
9427
3596
1340
5945
2901
8590
8965
2323
3699
3968
6049
7685
5289
470
8423
3265
6562
2593
3419
8537
9548
7191
6710
6117
9650
7502
1641
9241
9928
8759
6756
9755
3073
692
970
7109
5374
9808
8987
2989
9471
880
4350
3815
1057
3554
945
4899
2240
6632
6203
5252
9420
733
7111
1691
6323
4308
4387
9589
5992
2581
1420
8384
7904
6435
3401
4762
4834
7222
5120
3233
3682
6350
3125
6164
3784
6773
8089
8790
7692
5251
5349
4161
6130
1273
2393
1409
7155
2311
1845
6578
291
1730
2977
4645
9296
8336
7838
2488
3735
3465
8709
8580
8362
1645
2559
6157
2286
1355
4972
8081
8962
8778
4456
4354
6646
3120
7352
8667
2516
671
6335
6456
1593
592
6078
4135
696
9114
9634
7584
2328
9452
3503
6735
8009
3676
7909
2675
3208
7502
8498
6347
5295
4671
9452
1257
3336
7474
8261
2097
7228
8342
5525
3663
6598
6524
4801
2882
652
6488
8838
3379
2487
5175
8365
4041
6142
7805
5292
7556
737
918
5909
2255
4860
4081
64
4327
1816
9812
1588
1461
9574
9653
453
8959
829
835
2937
3384
6715
3641
3870
9449
9009
7304
1532
752
3288
955
6282
6632
9145
9341
9253
6839
7689
2053
5882
943
7215
4238
8225
6961
1525
1387
8016
7163
3878
8302
1693
3521
5168
2009
2881
2366
4163
318
2565
373
4744
8044
4004
7658
4870
4943
2441
4593
8915
2856
6089
2021
6072
1290
8462
3415
6658
5584
2346
2580
1453
7399
2528
4667
1749
8610
1485
2381
2957
6723
4997
2737
4581
9208
6112
4678
7407
6525
6299
4144
1804
1601
5579
5040
4203
6593
1095
2991
8097
7055
8716
6615
280
7547
4704
8825
9224
8824
8391
5015
2726
964
415
9290
8930
8682
6594
1025
850
6778
9892
2003
8903
5094
6330
8568
2161
1566
4032
5060
9753
4018
4515
7189
5623
8879
7998
4074
4270
1119
4811
1319
3332
8783
5072
4323
7556
6226
9184
456
8218
5999
5849
8793
9901
4494
8664
6148
3101
6228
64
9918
1490
2443
7855
9458
4209
2205
3145
5377
8333
661
9484
9513
1515
662
8387
9734
214
77
157
3230
2348
5330
1058
2426
3582
2935
8571
7604
6322
8922
1717
2210
7839
782
7991
5086
2327
3018
1345
3261
2114
9522
6646
1593
588
7579
8125
5047
1084
3911
6921
8162
6359
4509
4377
9506
9665
6794
4825
7353
1466
8920
1952
3257
3299
3433
7597
8216
1442
5986
3292
4538
6026
5219
4612
3821
7322
4767
6866
2266
7783
2603
7772
14
6578
3744
1629
6497
7206
7096
3326
903
5914
529
8182
7160
7419
7563
3485
3038
2853
919
3946
2026
3284
4308
6902
2498
6521
497
4570
3668
7726
2779
6441
3753
9024
138
7107
910
9685
3748
9296
5874
9828
5871
2484
8832
1918
5025
8799
2044
7403
3089
3915
7937
8640
8132
4896
561
5835
9801
4382
7779
3015
4775
476
8005
5765
2748
8429
1931
1187
113
2128
1139
706
4388
6497
5515
1248
2827
8789
9811
9446
9374
161
2824
7833
6439
5700
5409
4916
2470
5391
8675
2344
8493
4006
8813
3136
331
5888
9751
216
6271
500
9106
5986
1522
9364
1573
9621
4527
8496
7130
1391
9387
9686
6657
624
7863
3141
2477
5590
455
9564
500
5987
8210
5636
4062
4344
8609
6026
574
6166
9751
8975
7215
747
9784
6797
7819
418
6613
5196
2181
3786
9237
6850
5826
4183
235
4396
8406
2971
3623
1461
1293
1703
636
842
4718
5026
1848
2229
437
3216
2783
5153
690
3931
9083
6242
9943
2731
3037
4548
5091
5369
2341
3946
9158
9119
3487
7282
5634
9512
5975
8075
7489
5830
4833
9753
1671
2369
2073
3402
4791
5273
6222
1248
681
3432
2362
730
6012
3032
4073
2302
8533
8963
683
755
9782
1458
7953
3720
4095
8409
9778
5389
8710
6941
7597
6781
136
1627
6130
6989
2962
4526
9170
4732
6612
6424
3302
4588
9332
8809
8802
2864
8951
9842
234
3786
7600
8426
7444
5990
9645
4312
5671
2539
5191
5810
7785
9401
1983
4104
692
6437
6862
7158
8095
7645
99
1725
4172
9676
638
298
168
4680
4040
9423
1548
7933
3858
8936
2597
9216
365
1379
3641
891
4572
9716
7651
4865
7491
1235
6278
3175
6518
1906
4836
4742
1113
8574
355
4566
922
8984
3370
8579
7849
1419
8773
4227
6817
5176
4594
7487
7820
7650
2969
6418
3379
6981
677
2062
6953
4050
2945
7385
656
4978
7966
7031
8994
5738
8779
2876
2467
8446
2486
8740
9274
5097
3154
9767
5052
3318
7738
6778
8946
111
5982
9618
6587
4275
5641
7966
5722
4361
524
7954
1584
4436
2266
5625
984
4445
9761
6446
67
6914
4461
8297
3931
8758
2906
936
9591
7290
2377
7168
6716
9166
9430
256
7129
2167
8822
4619
86
4594
6575
8820
9461
8715
